/*
 *  Copyright 2003-2008 Tim Massingham (tim.massingham@ebi.ac.uk)
 *  Funded by EMBL - European Bioinformatics Institute
 */
/*
 *  This file is part of SLR ("Sitewise Likelihood Ratio")
 *
 *  SLR is free software: you can redistribute it and/or modify
 *  it under the terms of the GNU General Public License as published by
 *  the Free Software Foundation, either version 3 of the License, or
 *  (at your option) any later version.
 *
 *  SLR is distributed in the hope that it will be useful,
 *  but WITHOUT ANY WARRANTY; without even the implied warranty of
 *  MERCHANTABILITY or FITNESS FOR A PARTICULAR PURPOSE.  See the
 *  GNU General Public License for more details.
 *
 *  You should have received a copy of the GNU General Public License
 *  along with SLR.  If not, see <http://www.gnu.org/licenses/>.
 */

#ifndef _SUBSTITUTION_MATRICES_H_
#define _SUBSTITUTION_MATRICES_H_
double WAG[400] = {
-1.000000, 0.551571, 0.509848, 0.738998, 1.027040, 0.908598, 1.582850, 1.416720,
 0.316954, 0.193335, 0.397915, 0.906265, 0.893496, 0.210494, 1.438550, 3.370790,
 2.121110, 0.113133, 0.240735, 2.006010,
0.551571, -1.000000, 0.635346, 0.147304, 0.528191, 3.035500, 0.439157, 0.584665,
 2.137150, 0.186979, 0.497671, 5.351420, 0.683162, 0.102711, 0.679489, 1.224190,
 0.554413, 1.163920, 0.381533, 0.251849,
0.509848, 0.635346, -1.000000, 5.429420, 0.265256, 1.543640, 0.947198, 1.125560,
 3.956290, 0.554236, 0.131528, 3.012010, 0.198221, 0.096162, 0.195081, 3.974230,
 2.030060, 0.071917, 1.086000, 0.196246,
0.738998, 0.147304, 5.429420, -1.000000, 0.030295, 0.616783, 6.174160, 0.865584,
 0.930676, 0.039437, 0.084805, 0.479855, 0.103754, 0.046730, 0.423984, 1.071760,
 0.374866, 0.129767, 0.325711, 0.152335,
1.027040, 0.528191, 0.265256, 0.030295, -1.000000, 0.098818, 0.021352, 0.306674,
 0.248972, 0.170135, 0.384287, 0.074034, 0.390482, 0.398020, 0.109404, 1.407660,
 0.512984, 0.717070, 0.543833, 1.002140,
0.908598, 3.035500, 1.543640, 0.616783, 0.098818, -1.000000, 5.469470, 0.330052,
 4.294110, 0.113917, 0.869489, 3.894900, 1.545260, 0.099921, 0.933372, 1.028870,
 0.857928, 0.215737, 0.227710, 0.301281,
1.582850, 0.439157, 0.947198, 6.174160, 0.021352, 5.469470, -1.000000, 0.567717,
 0.570025, 0.127395, 0.154263, 2.584430, 0.315124, 0.081134, 0.682355, 0.704939,
 0.822765, 0.156557, 0.196303, 0.588731,
1.416720, 0.584665, 1.125560, 0.865584, 0.306674, 0.330052, 0.567717, -1.000000,
 0.249410, 0.030450, 0.061304, 0.373558, 0.174100, 0.049931, 0.243570, 1.341820,
 0.225833, 0.336983, 0.103604, 0.187247,
0.316954, 2.137150, 3.956290, 0.930676, 0.248972, 4.294110, 0.570025, 0.249410,
-1.000000, 0.138190, 0.499462, 0.890432, 0.404141, 0.679371, 0.696198, 0.740169,
 0.473307, 0.262569, 3.873440, 0.118358,
0.193335, 0.186979, 0.554236, 0.039437, 0.170135, 0.113917, 0.127395, 0.030450,
0.138190, -1.000000, 3.170970, 0.323832, 4.257460, 1.059470, 0.099929, 0.319440,
 1.458160, 0.212483, 0.420170, 7.821300,
0.397915, 0.497671, 0.131528, 0.084805, 0.384287, 0.869489, 0.154263, 0.061304,
0.499462, 3.170970, -1.000000, 0.257555, 4.854020, 2.115170, 0.415844, 0.344739,
 0.326622, 0.665309, 0.398618, 1.800340,
0.906265, 5.351420, 3.012010, 0.479855, 0.074034, 3.894900, 2.584430, 0.373558,
0.890432, 0.323832, 0.257555, -1.000000, 0.934276, 0.088836, 0.556896, 0.967130,
 1.386980, 0.137505, 0.133264, 0.305434,
0.893496, 0.683162, 0.198221, 0.103754, 0.390482, 1.545260, 0.315124, 0.174100,
0.404141, 4.257460, 4.854020, 0.934276, -1.000000, 1.190630, 0.171329, 0.493905,
 1.516120, 0.515706, 0.428437, 2.058450,
0.210494, 0.102711, 0.096162, 0.046730, 0.398020, 0.099921, 0.081134, 0.049931,
0.679371, 1.059470, 2.115170, 0.088836, 1.190630, -1.000000, 0.161444, 0.545931,
 0.171903, 1.529640, 6.454280, 0.649892,
1.438550, 0.679489, 0.195081, 0.423984, 0.109404, 0.933372, 0.682355, 0.243570,
0.696198, 0.099929, 0.415844, 0.556896, 0.171329, 0.161444, -1.000000, 1.613280,
 0.795384, 0.139405, 0.216046, 0.314887,
3.370790, 1.224190, 3.974230, 1.071760, 1.407660, 1.028870, 0.704939, 1.341820,
0.740169, 0.319440, 0.344739, 0.967130, 0.493905, 0.545931, 1.613280, -1.000000,
 4.378020, 0.523742, 0.786993, 0.232739,
2.121110, 0.554413, 2.030060, 0.374866, 0.512984, 0.857928, 0.822765, 0.225833,
0.473307, 1.458160, 0.326622, 1.386980, 1.516120, 0.171903, 0.795384, 4.378020,
-1.000000, 0.110864, 0.291148, 1.388230,
0.113133, 1.163920, 0.071917, 0.129767, 0.717070, 0.215737, 0.156557, 0.336983,0.262569, 0.212483, 0.665309, 0.137505, 0.515706, 1.529640, 0.139405, 0.523742,0.110864, -1.000000, 2.485390, 0.365369,
0.240735, 0.381533, 1.086000, 0.325711, 0.543833, 0.227710, 0.196303, 0.103604,3.873440, 0.420170, 0.398618, 0.133264, 0.428437, 6.454280, 0.216046, 0.786993,0.291148, 2.485390, -1.000000, 0.314730,
2.006010, 0.251849, 0.196246, 0.152335, 1.002140, 0.301281, 0.588731, 0.187247,0.118358, 7.821300, 1.800340, 0.305434, 2.058450, 0.649892, 0.314887, 0.232739,1.388230, 0.365369, 0.314730, -1.000000};

double JTT[400] = {
-1.000000, 0.531678, 0.557967, 0.827445, 0.574478, 0.556725, 1.066681, 1.740159, 0.219970, 0.361684, 0.310007, 0.369437, 0.469395, 0.138293, 1.959599, 3.887095, 4.582565, 0.084329, 0.139492, 2.924161,
0.531678, -1.000000, 0.451095, 0.154899, 1.019843, 3.021995, 0.318483, 1.359652, 3.210671, 0.239195, 0.372261, 6.529255, 0.431045, 0.065314, 0.710489, 1.001551, 0.650282, 1.257961, 0.235601, 0.171995,
0.557967, 0.451095, -1.000000, 5.549530, 0.313311, 0.768834, 0.578115, 0.773313, 4.025778, 0.491003, 0.137289, 2.529517, 0.330720, 0.073481, 0.121804, 5.057964, 2.351311, 0.027700, 0.700693, 0.164525,
0.827445, 0.154899, 5.549530, -1.000000, 0.105625, 0.521646, 7.766557, 1.272434, 1.032342, 0.115968, 0.061486, 0.282466, 0.190001, 0.032522, 0.127164, 0.589268, 0.425159, 0.057466, 0.453952, 0.315261,
0.574478, 1.019843, 0.313311, 0.105625, -1.000000, 0.091304, 0.053907, 0.546389, 0.724998, 0.150559, 0.164593, 0.049009, 0.409202, 0.678335, 0.123653, 2.155331, 0.469823, 1.104181, 2.114852, 0.621323,
0.556725, 3.021995, 0.768834, 0.521646, 0.091304, -1.000000, 3.417706, 0.231294, 5.684080, 0.078270, 0.709004, 2.966732, 0.456901, 0.045683, 1.608126, 0.548807, 0.523825, 0.172206, 0.254745, 0.179771,
1.066681, 0.318483, 0.578115, 7.766557, 0.053907, 3.417706, -1.000000, 1.115632, 0.243768, 0.111773, 0.097485, 1.731684, 0.175084, 0.043829, 0.191994, 0.312449, 0.331584, 0.114381, 0.063452, 0.465271,
1.740159, 1.359652, 0.773313, 1.272434, 0.546389, 0.231294, 1.115632, -1.000000, 0.201696, 0.053769, 0.069492, 0.269840, 0.130379, 0.050212, 0.208081, 1.874296, 0.316862, 0.544180, 0.052500, 0.470140,
0.219970, 3.210671, 4.025778, 1.032342, 0.724998, 5.684080, 0.243768, 0.201696,-1.000000, 0.181788, 0.540571, 0.525096, 0.329660, 0.453428, 1.141961, 0.743458, 0.477355, 0.128193, 5.848400, 0.121827,
0.361684, 0.239195, 0.491003, 0.115968, 0.150559, 0.078270, 0.111773, 0.053769,0.181788, -1.000000, 2.335139, 0.202562, 4.831666, 0.777090, 0.098580, 0.405119, 2.553806, 0.134510, 0.303445, 9.533943,
0.310007, 0.372261, 0.137289, 0.061486, 0.164593, 0.709004, 0.097485, 0.069492,0.540571, 2.335139, -1.000000, 0.146481, 3.856906, 2.500294, 1.060504, 0.592511, 0.272514, 0.530324, 0.241094, 1.761439,
0.369437, 6.529255, 2.529517, 0.282466, 0.049009, 2.966732, 1.731684, 0.269840,0.525096, 0.202562, 0.146481, -1.000000, 0.624581, 0.024521, 0.216345, 0.474478, 0.965641, 0.089134, 0.087904, 0.124066,
0.469395, 0.431045, 0.330720, 0.190001, 0.409202, 0.456901, 0.175084, 0.130379,0.329660, 4.831666, 3.856906, 0.624581, -1.000000, 0.436181, 0.164215, 0.285564, 2.114728, 0.201334, 0.189870, 3.038533,
0.138293, 0.065314, 0.073481, 0.032522, 0.678335, 0.045683, 0.043829, 0.050212,0.453428, 0.777090, 2.500294, 0.024521, 0.436181, -1.000000, 0.148483, 0.943971, 0.138904, 0.537922, 5.484236, 0.593478,
1.959599, 0.710489, 0.121804, 0.127164, 0.123653, 1.608126, 0.191994, 0.208081,1.141961, 0.098580, 1.060504, 0.216345, 0.164215, 0.148483, -1.000000, 2.788406, 1.176961, 0.069965, 0.113850, 0.211561,
3.887095, 1.001551, 5.057964, 0.589268, 2.155331, 0.548807, 0.312449, 1.874296,0.743458, 0.405119, 0.592511, 0.474478, 0.285564, 0.943971, 2.788406, -1.000000, 4.777647, 0.310927, 0.628608, 0.408532,
4.582565, 0.650282, 2.351311, 0.425159, 0.469823, 0.523825, 0.331584, 0.316862,0.477355, 2.553806, 0.272514, 0.965641, 2.114728, 0.138904, 1.176961, 4.777647,-1.000000, 0.080556, 0.201094, 1.143980,
0.084329, 1.257961, 0.027700, 0.057466, 1.104181, 0.172206, 0.114381, 0.544180,0.128193, 0.134510, 0.530324, 0.089134, 0.201334, 0.537922, 0.069965, 0.310927,0.080556, -1.000000, 0.747889, 0.239697,
0.139492, 0.235601, 0.700693, 0.453952, 2.114852, 0.254745, 0.063452, 0.052500,5.848400, 0.303445, 0.241094, 0.087904, 0.189870, 5.484236, 0.113850, 0.628608,0.201094, 0.747889, -1.000000, 0.165473,
2.924161, 0.171995, 0.164525, 0.315261, 0.621323, 0.179771, 0.465271, 0.470140,0.121827, 9.533943, 1.761439, 0.124066, 3.038533, 0.593478, 0.211561, 0.408532,1.143980, 0.239697, 0.165473, -1.000000};

double Dayhoff[400] = {
-1.000000, 0.267828, 0.984474, 1.199805, 0.360016, 0.887753, 1.961167, 2.386111, 0.228116, 0.653416, 0.406431, 0.258635, 0.717840, 0.183641, 2.485920, 4.051870, 3.680365, 0.000000, 0.244139, 2.059564,
0.267828, -1.000000, 0.327059, 0.000000, 0.232374, 2.439939, 0.000000, 0.087791, 2.383148, 0.632629, 0.154924, 4.610124, 0.896321, 0.136906, 1.028313, 1.531590, 0.265745, 2.001375, 0.078012, 0.240368,
0.984474, 0.327059, -1.000000, 8.931515, 0.000000, 1.028509, 1.493409, 1.385352,
 5.290024, 0.768024, 0.341113, 3.148371, 0.000000, 0.138503, 0.419244, 4.885892,
 2.271697, 0.224968, 0.946940, 0.158067,
1.199805, 0.000000, 8.931515, -1.000000, 0.000000, 1.348551, 11.388659, 1.240981
, 0.868241, 0.239248, 0.000000, 0.716913, 0.000000, 0.000000, 0.133940, 0.956097
, 0.660930, 0.000000, 0.000000, 0.178316,
0.360016, 0.232374, 0.000000, 0.000000, -1.000000, 0.000000, 0.000000, 0.107278,
 0.282729, 0.438074, 0.000000, 0.000000, 0.000000, 0.000000, 0.187550, 1.598356,
 0.162366, 0.000000, 0.953164, 0.484678,
0.887753, 2.439939, 1.028509, 1.348551, 0.000000, -1.000000, 7.086022, 0.281581,
 6.011613, 0.180393, 0.730772, 1.519078, 1.127499, 0.000000, 1.526188, 0.561828,
 0.525651, 0.000000, 0.000000, 0.346983,
1.961167, 0.000000, 1.493409, 11.388659, 0.000000, 7.086022, -1.000000, 0.811907
, 0.439469, 0.609526, 0.112880, 0.830078, 0.304803, 0.000000, 0.507003, 0.793999
, 0.340156, 0.000000, 0.214717, 0.367250,
2.386111, 0.087791, 1.385352, 1.240981, 0.107278, 0.281581, 0.811907, -1.000000,
 0.106802, 0.000000, 0.071514, 0.267683, 0.170372, 0.153478, 0.347153, 2.322243,
 0.306662, 0.000000, 0.000000, 0.538165,
0.228116, 2.383148, 5.290024, 0.868241, 0.282729, 6.011613, 0.439469, 0.106802,
-1.000000, 0.076981, 0.443504, 0.270475, 0.000000, 0.475927, 0.933709, 0.353643,
 0.226333, 0.270564, 1.265400, 0.438715,
0.653416, 0.632629, 0.768024, 0.239248, 0.438074, 0.180393, 0.609526, 0.000000,
0.076981, -1.000000, 2.556685, 0.460857, 3.332732, 1.951951, 0.119152, 0.247955,
 1.900739, 0.000000, 0.374834, 8.810038,
0.406431, 0.154924, 0.341113, 0.000000, 0.000000, 0.730772, 0.112880, 0.071514,
0.443504, 2.556685, -1.000000, 0.180629, 5.230115, 1.565160, 0.316258, 0.171432,
 0.331090, 0.461776, 0.286572, 1.745156,
0.258635, 4.610124, 3.148371, 0.716913, 0.000000, 1.519078, 0.830078, 0.267683,
0.270475, 0.460857, 0.180629, -1.000000, 2.411739, 0.000000, 0.335419, 0.954557,
 1.350599, 0.000000, 0.132142, 0.103850,
0.717840, 0.896321, 0.000000, 0.000000, 0.000000, 1.127499, 0.304803, 0.170372,
0.000000, 3.332732, 5.230115, 2.411739, -1.000000, 0.921860, 0.170205, 0.619951,
 1.031534, 0.000000, 0.000000, 2.565955,
0.183641, 0.136906, 0.138503, 0.000000, 0.000000, 0.000000, 0.000000, 0.153478,
0.475927, 1.951951, 1.565160, 0.000000, 0.921860, -1.000000, 0.110506, 0.459901,
 0.136655, 0.762354, 6.952629, 0.123606,
2.485920, 1.028313, 0.419244, 0.133940, 0.187550, 1.526188, 0.507003, 0.347153,
0.933709, 0.119152, 0.316258, 0.335419, 0.170205, 0.110506, -1.000000, 2.427202,
 0.782857, 0.000000, 0.000000, 0.485026,
4.051870, 1.531590, 4.885892, 0.956097, 1.598356, 0.561828, 0.793999, 2.322243,
0.353643, 0.247955, 0.171432, 0.954557, 0.619951, 0.459901, 2.427202, -1.000000,
 5.436674, 0.740819, 0.336289, 0.303836,
3.680365, 0.265745, 2.271697, 0.660930, 0.162366, 0.525651, 0.340156, 0.306662,
0.226333, 1.900739, 0.331090, 1.350599, 1.031534, 0.136655, 0.782857, 5.436674,
-1.000000, 0.000000, 0.417839, 1.561997,
0.000000, 2.001375, 0.224968, 0.000000, 0.000000, 0.000000, 0.000000, 0.000000,
0.270564, 0.000000, 0.461776, 0.000000, 0.000000, 0.762354, 0.000000, 0.740819,
0.000000, -1.000000, 0.608070, 0.000000,
0.244139, 0.078012, 0.946940, 0.000000, 0.953164, 0.000000, 0.214717, 0.000000,1.265400, 0.374834, 0.286572, 0.132142, 0.000000, 6.952629, 0.000000, 0.336289,0.417839, 0.608070, -1.000000, 0.279379,
2.059564, 0.240368, 0.158067, 0.178316, 0.484678, 0.346983, 0.367250, 0.538165,0.438715, 8.810038, 1.745156, 0.103850, 2.565955, 0.123606, 0.485026, 0.303836,1.561997, 0.000000, 0.279379, -1.000000};


double WAG_freqs[20] = {0.0866279,0.043972,0.0390894,0.0570451,0.0193078,0.0367281,0.0580589,0.0832518,0.0244313,0.048466,0.086209,0.0620286,0.0195027,0.0384319,0.0457631,0.0695179,0.0610127,0.0143859,0.0352742,0.0708956};
double JTT_freqs[20] = {0.076862,0.051057,0.042546,0.051269,0.020279,0.041061,0.061820,0.074714,0.022983,0.052569,0.091111,0.059498,0.023414,0.040530,0.050532,0.068225,0.058518,0.014336,0.032303,0.066374};
double Dayhoff_freqs[20] = {0.087127,0.040904,0.040432,0.046872,0.033474,0.038255,0.049530,0.088612,0.033619,0.036886,0.085357,0.080481,0.014753,0.039772,0.050680,0.069577,0.058542,0.010494,0.029916,0.064718};
double Equal_freqs[20] = {0.05,0.05,0.05,0.05,0.05,0.05,0.05,0.05,0.05,0.05,0.05,0.05,0.05,0.05,0.05,0.05,0.05,0.05,0.05,0.05};

#endif

